---
images/banner-med.jpg: 2018-12-25 12:47:07.708007800 +01:00
images/SHAM-logo.jpg: 2018-12-25 12:47:07.708007800 +01:00
images/banner-large.jpg: 2014-12-24 15:06:04.524225303 -08:00
images/Author-Tristan-Tarwater.jpg: 2018-12-25 12:47:07.708007800 +01:00
images/banner-xl2.jpg: 2018-12-25 12:47:07.713009100 +01:00
images/banner-small.jpg: 2018-12-25 12:47:07.708007800 +01:00
images/Artist-Adrian-Ricker.jpg: 2018-12-25 12:47:07.703008300 +01:00
images/banner-xl.jpg: 2018-12-25 12:47:07.708007800 +01:00
images/comics/a-fistful-of-lunars-page-5.jpg: 2018-12-25 12:47:07.721936000 +01:00
images/comics/a-fistful-of-lunars-page-4.jpg: 2018-12-25 12:47:07.721936000 +01:00
images/comics/a-fistful-of-lunars-page-1.jpg: 2018-12-25 12:47:07.716947000 +01:00
images/comics/small/a-fistful-of-lunars-page-5.jpg: 2018-12-25 12:47:07.726918600
  +01:00
images/comics/small/a-fistful-of-lunars-page-4.jpg: 2018-12-25 12:47:07.726918600
  +01:00
images/comics/small/a-fistful-of-lunars-page-1.jpg: 2018-12-25 12:47:07.721936000
  +01:00
images/comics/small/a-fistful-of-lunars-page-3.jpg: 2018-12-25 12:47:07.726918600
  +01:00
images/comics/small/a-fistful-of-lunars-page-2.jpg: 2018-12-25 12:47:07.721936000
  +01:00
images/comics/a-fistful-of-lunars-page-3.jpg: 2018-12-25 12:47:07.716947000 +01:00
images/comics/thumbs/a-fistful-of-lunars-page-5.jpg: 2018-12-25 12:47:07.731917800
  +01:00
images/comics/thumbs/a-fistful-of-lunars-page-4.jpg: 2018-12-25 12:47:07.731917800
  +01:00
images/comics/thumbs/a-fistful-of-lunars-page-1.jpg: 2018-12-25 12:47:07.726918600
  +01:00
images/comics/thumbs/a-fistful-of-lunars-page-3.jpg: 2018-12-25 12:47:07.726918600
  +01:00
images/comics/thumbs/a-fistful-of-lunars-page-2.jpg: 2018-12-25 12:47:07.726918600
  +01:00
images/comics/a-fistful-of-lunars-page-2.jpg: 2018-12-25 12:47:07.716947000 +01:00
images/characters/Shamsee-Bio.jpg: 2018-12-25 12:47:07.714411700 +01:00
images/characters/Blighter-Bio.jpg: 2018-12-25 12:47:07.713344700 +01:00
images/characters/Gia-Bio.jpg: 2018-12-25 12:47:07.714411700 +01:00
images/banner-large2.jpg: 2018-12-25 12:47:07.708007800 +01:00
